0 0.257268 0.485587 0.0653025 0.0905506
2 0.534737 0.256856 0.0635828 0.0659447
1 0.269902 0.913449 0.0412186 0.0666229
1 0.705259 0.877675 0.0456285 0.0645412
1 0.558565 0.866615 0.0386354 0.0652895
3 0.47121 0.632987 0.0408184 0.059563
2 0.893946 0.29025 0.0629723 0.0608876
1 0.389521 0.891318 0.0372411 0.0582211
0 0.333311 0.34824 0.0724777 0.0717634
2 0.329799 0.348992 0.0726293 0.0720413
1 0.369868 0.888712 0.0755287 0.0606197
1 0.350699 0.890104 0.0401381 0.0568665
1 0.512302 0.870756 0.0507079 0.0899233
