2 0.542739 0.519882 0.134419 0.252321
2 0.69657 0.476065 0.0895826 0.168378
2 0.0348322 0.47497 0.0696291 0.128901
0 0.868484 0.906247 0.0423397 0.187506
2 0.615413 0.431224 0.0594658 0.1124
0 0.682976 0.901298 0.0315762 0.197404
0 0.601747 0.893238 0.0294371 0.213524
0 0.765513 0.897553 0.0298519 0.204895
0 0.290271 0.46 0.0271941 0.213436
0 0.556389 0.890185 0.0498361 0.219214
0 0.922591 0.868518 0.0445999 0.253574
2 0.727784 0.320027 0.0499696 0.108594
0 0.37326 0.455855 0.0254491 0.140902
0 0.841184 0.887269 0.038602 0.225462
0 0.166072 0.547059 0.0205593 0.143484
0 0.791632 0.858296 0.0332811 0.253986
2 0.189905 0.377516 0.0993719 0.187592
0 0.057639 0.690143 0.0285792 0.147534
0 0.264795 0.488406 0.0222574 0.160226
7 0.189526 0.377881 0.0987103 0.19065
2 0.11119 0.338021 0.0505276 0.07139
0 0.643639 0.890037 0.038144 0.212762
9 0.0133762 0.290853 0.0254257 0.126159
0 0.0880653 0.595047 0.0277684 0.135353
2 0.0664637 0.323595 0.0394397 0.0529255
