5 0.381663 0.360377 0.119578 0.319829
5 0.261154 0.634511 0.184476 0.398677
5 0.10875 0.814383 0.217499 0.371233
2 0.419354 0.8736 0.103811 0.194681
0 0.646011 0.578681 0.0296442 0.150529
2 0.467701 0.638596 0.0896399 0.165072
2 0.687012 0.940657 0.1232 0.118687
2 0.892701 0.961333 0.118807 0.0773335
9 0.816923 0.111934 0.0365591 0.152536
2 0.389909 0.939087 0.104647 0.121825
5 0.723334 0.447596 0.0769769 0.198325
5 0.816295 0.261827 0.0670188 0.104431
2 0.824359 0.392605 0.0634203 0.142922
2 0.88364 0.898848 0.114077 0.174543
2 0.708936 0.93753 0.104426 0.12069
