2 0.35390625 0.465625 0.0578125 0.065625
2 0.16484375 0.39921875 0.0890625 0.1109375
2 0.4609375 0.69609375 0.025 0.0296875
2 0.7328125 0.64453125 0.0375 0.0390625
7 0.7453125 0.74453125 0.040625 0.1296875
6 0.81484375 0.80859375 0.0640625 0.2609375
6 0.73515625 0.79140625 0.0609375 0.3328125
6 0.47109375 0.8078125 0.0515625 0.25625
6 0.35234375 0.71484375 0.1234375 0.5609375
6 0.15234375 0.67109375 0.2921875 0.6578125
2 0.45390625 0.36484375 0.0109375 0.0140625
6 0.4578125 0.41484375 0.028125 0.1140625