2 0.275 0.68046875 0.08125 0.0859375
2 0.225 0.60625 0.06875 0.0625
2 0.390625 0.59765625 0.0375 0.0359375
2 0.49296875 0.659375 0.0421875 0.071875
2 0.55859375 0.646875 0.0640625 0.078125
2 0.690625 0.59140625 0.071875 0.0578125
7 0.72109375 0.79765625 0.1234375 0.2609375
7 0.5609375 0.85859375 0.11875 0.2828125
7 0.48671875 0.8171875 0.0703125 0.215625
7 0.3734375 0.725 0.065625 0.15625
7 0.265625 0.8671875 0.134375 0.221875
7 0.19609375 0.78046875 0.0671875 0.2140625
6 0.2046875 0.78515625 0.10625 0.4203125
6 0.2734375 0.81796875 0.15 0.3640625
6 0.384375 0.78984375 0.096875 0.4203125
6 0.48828125 0.8109375 0.0859375 0.378125
6 0.5578125 0.8046875 0.134375 0.390625
6 0.71875 0.78046875 0.134375 0.4328125