2 0.3421875 0.21875 0.11796875 0.09296875
3 0.171875 0.7203125 0.1375 0.1
3 0.10390625 0.71171875 0.0734375 0.0796875
3 0.30703125 0.8421875 0.0515625 0.078125
3 0.284375 0.8796875 0.059375 0.084375
3 0.67109375 0.74375 0.0890625 0.1125
7 0.88671875 0.5734375 0.2265625 0.428125
7 0.61953125 0.6 0.1828125 0.384375
7 0.4015625 0.5734375 0.2625 0.44375
3 0.54296875 0.6546875 0.0140625 0.040625
2 0.6015625 0.271875 0.09609375 0.090625
2 0.86640625 0.1921875 0.1015625 0.109375
6 0.37265625 0.58359375 0.2984375 0.8328125
6 0.6390625 0.61015625 0.21875 0.7796875
6 0.8703125 0.5671875 0.259375 0.865625
5 0.33984375 0.28984375 0.09765625 0.03671875
5 0.60078125 0.3296875 0.08828125 0.028125
5 0.8640625 0.26640625 0.09765625 0.03828125