1 0.35390625 0.9578125 0.0640625 0.084375
1 0.4046875 0.9046875 0.071875 0.059375
1 0.50546875 0.75546875 0.0640625 0.0515625
1 0.57109375 0.7578125 0.0484375 0.053125
1 0.68203125 0.90859375 0.0609375 0.0609375
1 0.72578125 0.97734375 0.0578125 0.0453125
2 0.396875 0.1328125 0.084375 0.08125
2 0.5453125 0.19765625 0.059375 0.0578125
2 0.72734375 0.1265625 0.0984375 0.08125
7 0.72421875 0.390625 0.1703125 0.3125
4 0.39375 0.23828125 0.053125 0.0703125
4 0.54609375 0.24453125 0.0421875 0.0453125
4 0.715625 0.20859375 0.053125 0.0640625
3 0.77578125 0.33828125 0.0609375 0.1046875
3 0.4171875 0.36171875 0.05625 0.1046875