2 0.18671875 0.3484375 0.0234375 0.028125
2 0.26015625 0.353125 0.0203125 0.01875
2 0.3203125 0.34765625 0.009375 0.0140625
2 0.30546875 0.334375 0.0234375 0.028125
2 0.309375 0.36015625 0.040625 0.0359375
2 0.39375 0.35 0.021875 0.021875
2 0.44296875 0.35625 0.0421875 0.0375
2 0.48671875 0.36484375 0.0140625 0.0171875
2 0.5 0.36484375 0.015625 0.0171875
2 0.52890625 0.359375 0.0296875 0.028125
2 0.56953125 0.3328125 0.0234375 0.021875
2 0.60859375 0.30859375 0.0359375 0.0390625
2 0.59765625 0.36171875 0.0609375 0.0671875
2 0.65859375 0.3859375 0.0171875 0.021875
2 0.67890625 0.375 0.0109375 0.009375
7 0.6765625 0.396875 0.0125 0.028125
3 0.66328125 0.48046875 0.0140625 0.0203125
3 0.634375 0.53515625 0.0125 0.0359375
3 0.596875 0.66875 0.028125 0.075
3 0.5546875 0.515625 0.009375 0.028125
3 0.49375 0.45234375 0.00625 0.0109375
3 0.49453125 0.45234375 0.0078125 0.0109375
3 0.21953125 0.390625 0.0390625 0.028125
3 0.346875 0.45390625 0.009375 0.0171875
3 0.34296875 0.54296875 0.0171875 0.0328125
3 0.36640625 0.47578125 0.0109375 0.0234375
3 0.68046875 0.47265625 0.0109375 0.0203125
3 0.684375 0.471875 0.009375 0.01875
3 0.709375 0.45 0.0125 0.025
3 0.7203125 0.44921875 0.021875 0.0171875
3 0.834375 0.42109375 0.015625 0.0140625
3 0.78984375 0.509375 0.0109375 0.025
3 0.8265625 0.47578125 0.015625 0.0203125
3 0.8328125 0.48515625 0.0125 0.0140625
3 0.87890625 0.540625 0.0109375 0.03125
3 0.88046875 0.53984375 0.0203125 0.0296875
3 0.87734375 0.54296875 0.0109375 0.0296875
2 0.69453125 0.3734375 0.0234375 0.021875
2 0.734375 0.3546875 0.028125 0.025
2 0.7921875 0.36875 0.021875 0.021875
2 0.834375 0.3765625 0.01875 0.021875
2 0.884375 0.371875 0.034375 0.025
2 0.91953125 0.38046875 0.0359375 0.0359375
7 0.91796875 0.50703125 0.0703125 0.1421875
7 0.8828125 0.45234375 0.05625 0.1046875
7 0.834375 0.453125 0.053125 0.0875
7 0.79375 0.45078125 0.028125 0.0984375
7 0.7375 0.44453125 0.053125 0.1046875
7 0.69765625 0.4421875 0.0421875 0.090625
7 0.6640625 0.44453125 0.03125 0.0765625
7 0.5640625 0.4046875 0.03125 0.075
7 0.5 0.42578125 0.034375 0.0671875
7 0.4859375 0.4203125 0.00625 0.053125
7 0.41875 0.4234375 0.015625 0.021875
7 0.39296875 0.421875 0.0546875 0.0875
7 0.334375 0.41640625 0.01875 0.0859375
7 0.30390625 0.41015625 0.0515625 0.0640625
7 0.26484375 0.41484375 0.0359375 0.0765625
7 0.30390625 0.46328125 0.0703125 0.1359375
7 0.44609375 0.47109375 0.0765625 0.1515625
7 0.534375 0.4390625 0.0625 0.096875
7 0.62890625 0.415625 0.0421875 0.125
7 0.590625 0.54609375 0.084375 0.2328125
7 0.1734375 0.4140625 0.046875 0.090625
2 0.51796875 0.3796875 0.0046875 0.015625
4 0.7953125 0.3921875 0.00625 0.01875
6 0.91171875 0.51015625 0.0859375 0.2984375
6 0.884375 0.50078125 0.053125 0.2859375
6 0.8328125 0.48984375 0.05625 0.2484375
6 0.8046875 0.48984375 0.065625 0.2640625
6 0.73359375 0.48515625 0.0578125 0.2890625
6 0.6796875 0.38984375 0.015625 0.0390625
6 0.6953125 0.48046875 0.046875 0.2359375
6 0.6625 0.4734375 0.034375 0.203125
6 0.62265625 0.50390625 0.0640625 0.4296875
6 0.5640625 0.39375 0.034375 0.146875
6 0.53359375 0.49765625 0.0734375 0.3078125
6 0.50078125 0.45078125 0.0359375 0.1890625
6 0.490625 0.440625 0.021875 0.171875
6 0.4453125 0.53828125 0.08125 0.4046875
6 0.38828125 0.4625 0.0609375 0.25
6 0.3328125 0.42734375 0.034375 0.1765625
6 0.309375 0.3875 0.065625 0.140625
6 0.2609375 0.42890625 0.04375 0.1765625
6 0.18359375 0.43671875 0.0578125 0.2078125
6 0.278125 0.528125 0.153125 0.371875
6 0.59375 0.63515625 0.084375 0.6234375