2 0.04765625 0.2578125 0.0828125 0.078125
2 0.30546875 0.26875 0.0796875 0.071875
2 0.5109375 0.2671875 0.075 0.0625
2 0.7046875 0.240625 0.084375 0.059375
2 0.89609375 0.13046875 0.0765625 0.0953125
7 0.08046875 0.471875 0.1609375 0.2625
7 0.296875 0.45390625 0.134375 0.2390625
7 0.51875 0.44375 0.134375 0.221875
7 0.70625 0.45546875 0.109375 0.2515625
3 0.92734375 0.3875 0.1453125 0.3625
3 0.28359375 0.57265625 0.0671875 0.0796875
3 0.48046875 0.5546875 0.04765625 0.06640625
3 0.66015625 0.528125 0.05078125 0.0609375
3 0.865625 0.52734375 0.08203125 0.1015625
3 0.046875 0.6109375 0.0640625 0.09609375