6 0.1453125 0.77421875 0.2125 0.4515625
2 0.20546875 0.6015625 0.11640625 0.11796875
6 0.32421875 0.61953125 0.1 0.18515625
2 0.353125 0.55234375 0.0375 0.0453125
6 0.471875 0.684375 0.08515625 0.26640625
6 0.56328125 0.70703125 0.10859375 0.23359375
2 0.5390625 0.63046875 0.028125 0.0359375
2 0.8765625 0.49140625 0.1125 0.1171875
2 0.49921875 0.58984375 0.0328125 0.0328125
7 0.14375 0.80859375 0.2 0.2578125
7 0.84921875 0.709375 0.21484375 0.2828125
7 0.46015625 0.65234375 0.06796875 0.1015625
7 0.55 0.6953125 0.071875 0.1046875
6 0.81171875 0.7125 0.32265625 0.56328125