2 0.0328125 0.3609375 0.065625 0.10625
2 0.13125 0.35859375 0.075 0.0828125
2 0.1984375 0.434375 0.059375 0.075
2 0.3171875 0.3796875 0.046875 0.05625
2 0.4703125 0.396875 0.040625 0.053125
2 0.52421875 0.41328125 0.0359375 0.0453125
2 0.5875 0.43359375 0.040625 0.0421875
2 0.6703125 0.39609375 0.040625 0.0421875
2 0.7109375 0.43359375 0.046875 0.0703125
2 0.846875 0.46875 0.06875 0.075
1 0.2125 0.9765625 0.059375 0.028125
1 0.30078125 0.9390625 0.0296875 0.040625
1 0.33671875 0.9328125 0.0421875 0.040625
1 0.428125 0.87578125 0.021875 0.0359375
1 0.48515625 0.8734375 0.0359375 0.034375
1 0.54140625 0.84375 0.0265625 0.03125
1 0.49765625 0.8375 0.0265625 0.025
1 0.56640625 0.86640625 0.0421875 0.0359375
1 0.60625 0.88671875 0.03125 0.0484375
1 0.6390625 0.86015625 0.040625 0.0328125
1 0.6734375 0.921875 0.04375 0.025
1 0.7015625 0.94453125 0.046875 0.0328125
6 0.85859375 0.70703125 0.1484375 0.5859375
5 0.8421875 0.4921875 0.046875 0.05
6 0.70390625 0.68046875 0.0859375 0.5609375
6 0.66328125 0.6328125 0.0765625 0.521875
6 0.5984375 0.6640625 0.090625 0.51875
5 0.58515625 0.46015625 0.0515625 0.0328125
6 0.52890625 0.6078125 0.0703125 0.465625
6 0.45859375 0.6359375 0.0921875 0.55
6 0.321875 0.65859375 0.13125 0.6265625
6 0.19609375 0.69140625 0.0859375 0.6171875
6 0.11953125 0.6578125 0.1203125 0.684375
6 0.03671875 0.6484375 0.0734375 0.7
5 0.03359375 0.4140625 0.0484375 0.046875
5 0.1515625 0.409375 0.040625 0.046875