4 0.2125 0.1359375 0.028125 0.053125
4 0.396875 0.09765625 0.034375 0.0453125
4 0.74375 0.17890625 0.01875 0.0453125
4 0.59765625 0.17890625 0.0328125 0.0453125
6 0.85234375 0.56640625 0.2421875 0.7421875
6 0.81484375 0.53671875 0.3109375 0.9265625
3 0.6046875 0.4140625 0.01875 0.0375
3 0.58828125 0.41015625 0.0203125 0.0453125
3 0.38671875 0.3328125 0.0296875 0.046875
3 0.38515625 0.3453125 0.0328125 0.071875
3 0.22109375 0.40703125 0.0265625 0.0484375
3 0.18515625 0.3953125 0.0296875 0.05625
6 0.15625 0.12890625 0.021875 0.0984375
6 0.1984375 0.38984375 0.115625 0.6453125
6 0.3828125 0.35234375 0.13125 0.6765625
6 0.61171875 0.4125 0.1296875 0.621875