4 0.0671875 0.203125 0.034375 0.040625
4 0.1640625 0.19375 0.0375 0.04375
4 0.2875 0.240625 0.0375 0.0375
4 0.21953125 0.24921875 0.0203125 0.0203125
4 0.43828125 0.15390625 0.0390625 0.0578125
4 0.553125 0.18125 0.04375 0.06875
4 0.7125 0.196875 0.053125 0.065625
4 0.95625 0.1203125 0.05 0.084375
4 0.62578125 0.25 0.0203125 0.01875
4 0.5953125 0.23125 0.01875 0.0125
6 0.59453125 0.21484375 0.0265625 0.0515625
6 0.62265625 0.27734375 0.0546875 0.1828125
6 0.71171875 0.54453125 0.1546875 0.9109375
6 0.50859375 0.525 0.1734375 0.90625
6 0.3953125 0.4546875 0.15 0.784375
6 0.215625 0.2734375 0.025 0.096875
6 0.27109375 0.4609375 0.1078125 0.621875
6 0.9046875 0.5 0.165625 1
6 0.05546875 0.41171875 0.1109375 0.5390625
6 0.1484375 0.42734375 0.128125 0.6046875