6 0.265625 0.59140625 0.015625 0.0515625
7 0.265625 0.5953125 0.015625 0.03125
7 0.82265625 0.4953125 0.0203125 0.046875
7 0.9890625 0.515625 0.021875 0.03125
7 0.9578125 0.5421875 0.025 0.040625
2 0.98359375 0.53125 0.0109375 0.01875
2 0.96953125 0.515625 0.0109375 0.015625
2 0.834375 0.4625 0.009375 0.0125
6 0.825 0.503125 0.03125 0.09375
3 0.971875 0.534375 0.003125 0.00625
6 0.98515625 0.52734375 0.0296875 0.0578125
6 0.953125 0.54140625 0.040625 0.0671875
2 0.88203125 0.1546875 0.0109375 0.0125
7 0.875 0.18515625 0.01875 0.0390625
6 0.8734375 0.20546875 0.028125 0.1140625