2 0.541815 0.520915 0.132753 0.247401
2 0.697085 0.478193 0.087302 0.160262
0 0.602038 0.889281 0.0277183 0.221437
0 0.0614082 0.693206 0.0326663 0.154546
0 0.088033 0.601337 0.0293834 0.13536
0 0.1662 0.547845 0.0208177 0.140225
2 0.0357744 0.475359 0.067817 0.137038
2 0.730512 0.320911 0.056226 0.118404
0 0.868712 0.906581 0.04417 0.186839
0 0.682957 0.904097 0.0320089 0.191806
0 0.640259 0.877949 0.0309654 0.209433
0 0.267069 0.463955 0.0280883 0.216848
2 0.615241 0.429178 0.0593101 0.116694
0 0.482175 0.408748 0.0191963 0.113933
0 0.7653 0.907642 0.0295602 0.184716
0 0.290608 0.46137 0.0257276 0.214977
0 0.373675 0.440234 0.023547 0.162375
9 0.70386 0.250989 0.0267025 0.129516
0 0.562233 0.887347 0.0397301 0.211969
0 0.134534 0.585289 0.0259144 0.140244
0 0.293691 0.483258 0.0223616 0.171525
0 0.566424 0.84693 0.030299 0.129111
0 0.662657 0.875118 0.0261818 0.172985
0 0.119311 0.577462 0.0193787 0.129692
2 0.191614 0.403745 0.100173 0.142415
